RED,GREEN,BLUE,NUMERO
166.897425,121.227825,125.001625,21512
96.69685,101.9357,102.0494,3021
85.572875,87.6215,77.09325,15721
161.62975,156.994525,140.8345,19374
184.25635,174.296775,160.784775,18616
183.39145,180.61915,167.078425,5772
176.50865,168.4293,143.899125,23376
77.74,74.464375,75.66975,11153
108.32655,95.556725,62.21095,25915
150.15055,151.593525,155.0631,2674
96.2112,87.395725,65.626825,20718
44.78025,40.898925,28.9605,11324
200.061425,178.82245,165.393325,15286
163.18615,159.51355,150.685075,3475
93.987575,105.28485,86.60665,19642
76.4888,59.649175,46.6985,20325
137.4078,125.458925,95.4919,6901
141.361825,139.718975,136.6768,5395
109.336025,114.100875,97.20235,23944
140.395925,125.3698,89.052075,24471
121.155575,105.7867,107.0008,15420
90.20025,81.379375,73.9194,17618
151.26565,151.59225,139.10035,19089
134.35825,119.528375,106.96095,23398
132.481175,121.13315,96.077875,17095
150.31305,135.1256,110.741175,19969
47.234275,52.480675,39.965,9901
68.035275,63.800325,45.258475,14547
201.225225,201.225225,201.225225,256
102.01035,88.0128,69.663325,17351
205.2669,196.577075,193.530425,12364
177.966175,167.558925,130.378375,15736
102.39185,101.7282,101.286975,1552
136.474225,92.3821,41.236125,22453
123.47365,144.9111,156.323175,22685
169.2004,169.2004,169.2004,256
181.670775,159.74005,163.061875,15753
192.890725,179.42025,183.074825,11883
108.1209,92.40215,61.4735,10916
91.835275,59.177675,33.294275,11358
113.120875,91.31055,66.841325,17878
57.9755,35.946725,21.318175,11873
202.0135,173.466275,159.57435,20994
149.88755,154.9596,142.84005,22746
168.327425,176.708125,183.131575,19546
228.39665,165.705875,108.0967,17923
158.1886,163.586325,138.078225,21682
129.3724,126.301025,105.19345,22052
163.651875,154.197125,150.172325,17501
124.770175,124.54475,102.391825,7201
68.56725,68.56725,68.56725,256
125.50035,126.429275,100.19645,21953
118.194575,88.4482,29.756275,24148
159.775825,126.50555,107.456175,15575
163.288775,160.08405,156.58965,12773
117.092875,122.53655,108.79895,23731
122.868725,122.200425,108.110125,19699
184.756825,183.3846,185.295675,2670
80.56235,46.0819,19.077225,22758
85.986225,56.38635,29.060075,18029
205.0037,198.422425,197.503575,8327
113.015075,114.388775,109.27915,25911
76.302075,62.655,30.619,15984
116.79215,87.817875,49.36965,16362
108.90485,108.707775,102.547425,19053
170.960225,164.676525,122.2353,17562
166.42415,162.094975,142.747325,18360
108.625425,97.327225,78.287275,19649
205.773925,203.098325,197.6078,9554
78.61635,65.206,55.712725,13121
90.122325,81.1986,80.560825,16780
166.1816,145.2702,132.7532,19199
79.642975,47.23725,45.790175,24968
108.60705,97.415725,84.2818,19884
141.75,134.006625,130.868625,20762
171.063725,151.545075,114.156525,16671
171.537625,142.84835,102.107275,25536
117.016075,111.184175,88.291,28563
71.9365,60.9952,59.848675,20332
120.61385,131.135475,110.2787,21754
165.086525,120.86015,103.74625,26700
85.99435,57.591625,29.7985,25786
101.892675,78.850525,59.213125,15743
144.514675,119.386975,89.696375,18190
89.675575,66.65125,51.894025,21990
127.394175,106.954925,76.0997,3683
33.860725,34.3611,33.018075,9064
160.679425,138.9725,85.6631,33582
143.0116,141.8085,141.93575,2103
118.761025,106.99215,63.490875,16356
152.173475,139.356325,64.75095,27272
181.11875,135.8568,77.8541,33564
140.15085,119.676675,104.67055,22428
139.03395,133.6878,102.546675,20245
89.1783,80.926775,86.660225,17044
186.038825,173.24425,144.024225,19031
77.5504,66.95745,63.7401,17003
132.97735,129.786175,107.365375,17904
163.86395,131.527675,102.552525,16678
190.907625,185.302375,161.00575,16504
119.523525,124.92785,116.504975,21917
134.820675,118.1959,117.066775,20596
115.046575,89.821275,66.3218,17147
130.5448,120.330875,90.525925,33943
154.10585,139.80065,126.940175,22867
133.238925,141.831375,141.481325,18506
169.689175,159.4569,143.87395,23244
158.5433,137.251325,166.416,6758
186.109625,174.693925,159.857575,19847
103.62035,97.8537,81.77955,13466
130.843775,111.396575,66.029075,18660
82.7674,87.5354,60.60995,18796
136.4955,116.0671,108.437675,14852
95.26835,98.2047,89.761075,28785
142.484175,120.886275,81.194675,21610
100.55935,87.86465,62.91325,20626
82.865475,85.071425,67.036375,20611
141.598875,146.213725,145.2503,14292
96.171525,94.85155,83.334475,17346
176.60755,178.406675,164.2261,21965
119.755175,120.053275,105.04785,22688
143.056325,135.623175,115.58785,25632
162.415775,156.580325,151.118225,20557
103.38525,81.902225,67.3926,26130
33.552825,31.83855,34.4108,13524
79.246425,76.610625,55.65325,15225
87.4485,84.0425,70.137875,7747
154.51055,139.41445,103.457,23005
132.966925,129.9484,117.976225,22289
126.5294,109.87315,74.34815,29004
80.506725,59.83625,56.743625,19509
99.74755,70.39875,48.9215,20886
182.594675,158.771525,173.62005,24097
95.309075,110.989175,110.6581,17397
24.1326,21.829675,18.99075,5756
139.4436,146.493775,140.065725,9259
170.413525,164.764075,151.558825,22093
136.48665,136.48665,136.48665,256
177.989975,173.101075,169.672875,22200
44.012,48.9727,48.53155,14435
121.400975,126.39965,116.418875,24614
150.535325,155.192625,147.549,23011
159.039525,148.897175,131.90565,23520
101.909025,83.6173,70.48365,10721
144.324625,114.942075,99.8969,19861
106.40175,98.176525,82.668125,16361
103.321425,126.745775,112.38975,30567
207.984075,200.86765,197.06015,12353
147.10425,124.089375,108.8397,22911
174.15205,174.15205,174.15205,239
61.288975,40.518975,36.12215,8479
151.664875,150.0145,135.0183,25059
123.9785,112.88555,92.301125,16986
125.0118,125.29025,104.282775,17491
104.0074,83.059075,51.27355,27573
97.8954,99.305325,59.68545,28078
88.093525,90.538075,59.2136,10210
185.049175,196.54685,199.156775,12987
43.617,28.52565,14.467225,9728
68.89225,72.3939,68.1907,11303
40.582725,33.614,31.23485,4977
121.026375,119.1021,115.036575,27055
169.666925,153.516825,121.8104,22667
24.502525,24.332525,12.688525,4059
224.96175,224.96175,224.96175,256
121.39155,94.72905,85.004375,20097
192.248225,192.97195,194.790075,1505
58.902525,44.443375,32.850975,12296
75.93255,55.518475,39.934425,15927
91.32255,80.67145,66.6275,16577
101.4363,93.961925,88.35735,17051
128.967525,128.967525,128.967525,256
110.3821,85.52835,63.82855,18462
115.952175,87.785025,53.367425,28549
181.8731,177.730775,159.1536,11342
143.059,144.274025,135.64525,20282
163.709375,174.0694,178.370825,10318
26.247375,27.8479,19.44685,5398
158.87115,151.33765,144.737675,18747
163.109475,130.778975,125.8448,20605
150.8252,130.585025,97.602375,13771
120.2525,107.755625,90.9519,27384
103.879325,83.0412,51.337225,28826
166.31515,165.71215,114.92645,28948
179.41715,172.35555,160.46265,13420
105.3361,96.719825,81.91145,15335
70.95375,48.7101,33.787975,11476
121.5256,117.118,113.184025,16423
204.9136,210.08175,212.546775,2333
103.27695,63.9403,56.46935,22946
54.885975,49.827725,33.309525,15088
134.9874,128.493525,128.0423,24548
131.419025,131.419025,131.419025,256
75.01795,67.805,48.977125,13070
45.97255,52.241225,55.0605,12062
184.60295,187.616225,184.25095,10836
176.77135,166.48495,128.88355,13042
154.5076,135.077625,107.02325,19343
90.88355,90.7481,92.6572,813
104.8727,82.1088,51.302975,24324
140.142825,110.925325,63.299175,17724
161.564475,161.564475,161.564475,256
207.695575,191.390975,183.651,23928
175.457,151.057175,126.050575,20153
113.802175,124.555225,141.305925,27659
177.688625,146.213725,117.76105,30485
162.632525,185.550175,163.8135,18588
62.672025,53.5239,44.72145,9226
130.628075,107.9393,87.614275,20826
190.419425,195.310875,180.013475,13827
80.060025,82.3505,70.26945,14424
50.6504,58.797575,57.611575,4864
199.5299,166.267975,102.0712,13481
90.54785,91.5265,78.345675,14234
134.791475,121.871675,75.9776,25618
142.472725,148.610825,128.833925,20742
103.9834,93.40535,71.6557,25970
90.17705,74.323075,46.0038,15818
160.04295,162.612975,149.95065,18439
55.85325,42.440725,41.381575,12036
166.922325,171.366175,153.858075,13908
165.85205,134.855975,77.98285,31514
171.00645,162.67085,138.962225,26027
145.500375,135.541125,108.787625,20474
103.7755,110.64015,108.905025,3711
193.3215,194.1052,184.15575,7523
145.231975,153.483225,139.751475,15155
92.043725,72.125475,52.63165,16291
115.014,119.16405,85.706325,24653
44.1416,36.563375,40.154875,13121
178.97115,172.911025,172.715875,12489
201.60335,192.84065,184.56,14251
156.62745,144.4981,110.454425,20932
140.01085,147.428525,144.34025,15929
92.909,84.7508,74.86175,13205
57.534675,49.70245,41.666,4982
188.981525,178.021,174.1344,20909
151.048425,144.7478,132.7902,13890
19.56115,15.47595,16.306,5475
19.881575,25.58225,25.0717,5319
105.227075,92.906625,71.87945,20425
137.3555,141.6284,129.646775,22149
70.96385,61.218725,51.8835,13795
120.33135,110.761475,84.4371,13699
141.802375,135.334325,124.73125,18733
55.072875,50.563525,42.905525,10042
155.3432,138.560475,135.004875,17568
82.506375,88.47505,83.14435,21777
176.8441,163.31635,122.029875,18620
140.405825,136.4914,132.176425,22629
171.031475,137.232675,116.01005,20797
71.6699,71.598725,60.38125,15407
100.522275,88.7723,75.761625,18803
104.5817,89.903325,73.00215,21611
93.876525,65.2946,61.528375,15743
131.660425,111.745275,64.89375,20096
169.171075,143.793775,136.43645,28909
108.747725,136.697025,123.963125,7578
206.797875,204.16685,208.373825,5477
170.205075,171.350075,173.293675,959
138.267575,136.565475,134.130525,25585
119.5711,142.9978,143.2369,13967
75.690125,65.192225,53.25205,19986
111.990275,93.836525,70.06305,11663
92.899525,69.06185,31.70745,12989
82.007975,87.16165,91.834175,24106
94.99575,92.21735,83.17485,17842
118.384325,115.17975,89.509675,27062
82.6897,82.4615,51.682925,21067
171.985475,166.04295,152.1422,11025
94.183925,100.0201,75.129775,24438
80.770575,56.599425,50.577575,14865
129.476375,123.133725,97.691175,26931
72.59785,63.70175,49.532825,13174
84.365,58.2138,31.126875,15003
145.343675,151.222825,120.698475,20721
72.432425,70.8444,72.0269,14684
164.439175,121.053025,87.720525,22816
74.565175,66.284875,34.5599,20971
49.881575,55.055875,45.35685,12067
43.216425,37.4049,29.9538,6445
117.800725,93.88175,95.0517,18494
154.10335,103.4805,69.403975,21211
97.692825,91.4399,92.70865,17612
61.910475,38.001375,24.99055,10377
177.288025,166.3625,168.155375,14516
100.259975,98.9763,86.64815,11415
103.93185,106.4464,96.214975,6403
139.8712,126.2966,111.982225,8583
129.751575,94.083775,53.155725,16909
107.82885,92.629475,70.8359,25154
101.2587,102.2622,103.744625,15701
142.271675,132.868975,109.1687,25426
73.17925,23.02765,15.74485,11668
157.743125,153.36515,139.45515,16831
118.501175,122.637775,112.88915,29362
122.4903,79.558725,35.54725,23142
143.7361,152.547425,135.57775,19271
79.74935,76.625825,50.488525,22119
111.346925,76.57635,52.84925,16404
187.006425,175.12725,155.9576,20585
165.86565,157.56595,132.747075,17589
207.57055,198.2145,173.28535,13357
120.62855,119.20085,100.251975,21635
114.295925,99.13455,71.4047,18307
210.8303,202.35185,188.123925,10651
107.709625,136.981725,80.494125,29829
164.813875,141.78165,91.68365,29842
75.855425,78.19,53.664625,20505
74.315,71.236075,54.97005,17174
151.081325,113.7224,115.544925,23186
175.292075,149.5532,132.0042,19419
106.193625,97.085975,68.658675,28875
157.8896,141.2438,112.368275,20816
58.4086,45.7408,30.2597,12083
98.0104,74.596175,55.6332,6832
81.678025,59.91265,34.715725,17012
84.35235,71.720575,49.669975,22034
115.0639,110.281225,88.056225,33477
86.966025,70.569375,54.43735,11039
138.174425,125.685025,87.753825,26266
186.827875,188.8534,167.17105,12163
173.0087,178.83705,170.484625,17047
124.313725,115.85165,93.6018,22355
118.8468,100.80325,78.516325,2807
109.64635,98.72,72.4422,26098
196.371275,190.613575,200.18425,13801
127.598875,117.6281,87.47035,20450
171.5414,160.382525,162.034225,12079
123.12885,124.798225,93.900825,26126
121.14635,110.90585,105.01465,20699
150.88575,150.88575,150.88575,243
98.44405,73.2328,50.803625,20462
84.22145,77.942925,63.179425,13310
92.4417,89.603775,88.2125,3172
140.319075,145.6291,138.84545,29220
200.893675,187.447975,151.552975,20474
90.13055,78.9235,81.6167,11864
134.700375,132.21585,131.204225,3262
84.926425,84.392675,69.854475,18926
198.566575,194.6199,186.0323,11505
163.55365,119.809075,104.69085,26472
121.757325,117.799825,105.413925,22345
63.045275,53.562525,47.202075,7910
102.410825,80.70375,52.4015,24943
107.93995,86.319675,59.47085,28171
133.23125,131.377875,132.08195,3630
95.294425,93.111,89.273025,24183
212.5442,203.301825,180.55835,13642
173.3218,137.52625,103.8785,3193
177.08445,156.652475,100.140625,16374
159.253075,166.012675,127.7201,26174
189.7458,169.111175,161.808775,25698
172.6406,147.0469,149.63445,22883
138.776175,139.9818,133.897575,11311
62.055375,49.2098,32.990175,14013
118.89635,67.42475,31.84805,24135
126.163,108.53805,68.124475,26100
87.055725,67.547475,52.8137,20088
91.250925,85.55415,78.8365,22693
170.7597,133.194825,99.38315,21064
144.2294,126.037875,103.551775,8947
124.905275,102.738475,91.763325,29040
66.035675,64.147625,54.319275,12620
106.334625,101.390425,91.78555,22489
173.639475,173.20955,157.36155,20233
81.057775,66.307725,50.4912,14299
62.44315,49.53895,46.957875,7724
37.27655,29.997025,19.2423,11747
196.184325,192.627025,192.58895,2634
160.005725,160.059475,160.5305,903
118.538475,123.086225,111.790225,20449
124.391425,122.71165,105.342275,25626
32.221775,32.221775,32.221775,255
99.373425,80.968825,49.8808,17140
130.92445,128.113175,131.85555,22457
106.9742,60.936825,13.7427,18028
53.1133,49.63395,55.0012,17583
142.3991,117.204675,88.58615,17881
79.5702,77.4748,49.347375,23008
70.66305,64.78625,53.531675,17609
147.884625,132.219575,105.9488,26440
165.9781,157.1088,135.015,24957
111.236325,81.3279,72.54645,15242
94.94865,84.458625,55.102025,22785
100.919375,65.92475,37.4146,18025
167.6596,152.874775,124.471875,19752
136.91155,108.59965,96.732525,24057
93.637,93.638325,80.47475,19187
118.73315,99.519675,71.166425,17405
156.749125,129.70905,90.427,15754
113.454925,123.3273,125.17335,27436
136.7549,136.695375,137.0342,1185
67.931325,45.207,27.51015,14220
121.170925,106.537475,82.169425,30914
174.97715,192.38325,198.6032,17001
111.628525,80.465925,66.0221,13820
99.98895,89.8318,56.691725,18914
48.2586,84.5094,81.557575,16284
179.756575,173.408125,165.0479,19747
164.626175,150.3098,137.1986,10133
117.79415,119.437525,112.472675,23012
94.1304,45.790925,36.253475,14016
174.907675,169.0081,165.50475,3891
84.15335,76.659925,66.31815,18747
148.710675,147.368175,144.0734,24861
231.750875,213.340125,207.83535,14335
125.7089,111.926675,99.435325,22140
139.5628,127.556875,100.754575,14920
203.345175,192.27055,170.4246,18870
198.39435,199.4469,195.762375,8263
174.87825,168.412875,152.884825,16705
135.172925,117.903925,81.690875,25461
82.81305,61.325775,46.400475,15945
40.85605,27.83795,23.88905,13645
63.834775,37.211425,15.73485,13861
110.2271,105.117,108.297025,6628
190.394425,182.9402,182.8844,4132
87.117575,60.689725,51.1435,13115
48.74675,22.864325,38.069725,11727
104.880675,89.00715,72.7597,21392
132.56695,117.965875,98.018575,14960
167.70835,154.37495,153.589175,16176
88.78215,68.9406,47.991025,18067
156.624575,138.389225,139.1923,16667
73.923975,73.174725,63.577175,16080
43.83695,40.736925,31.046,13636
89.91295,84.4651,57.7412,17286
176.6066,163.708775,164.740375,14556
103.862575,98.757225,89.56715,26821
124.68505,129.319325,115.520375,21440
191.514775,192.101625,189.899675,1915
174.442675,137.0253,116.2811,24562
67.53265,45.180125,23.372025,11833
68.007075,68.0619,57.062125,7698
134.702025,134.165075,107.9655,25282
194.557825,166.7163,137.4873,6197
185.24835,185.24835,185.24835,256
46.365125,42.857075,23.983,9968
121.9782,119.802125,106.912375,15752
121.1804,104.08265,80.309,25648
90.67795,93.2568,85.961825,9641
180.46015,151.8697,119.732475,19811
162.0762,189.364175,179.13685,15127
98.138675,74.981775,42.759625,20349
124.575275,111.9585,81.800875,20107
131.2743,111.679625,82.23685,19194
83.973925,67.95705,37.204675,15009
201.047025,175.973625,146.010825,18796
109.552675,107.26825,97.57565,14331
75.6824,66.484475,40.448,22160
145.405725,145.405725,145.405725,256
150.919825,141.673825,122.46885,9186
155.728175,136.488025,129.710725,14059
96.373425,65.69635,64.5775,14567
135.2803,125.9837,117.0664,17154
127.07885,103.6658,87.44535,18043
97.651025,92.369675,83.818425,10131
121.297675,97.135325,96.35925,26055
176.8467,182.33175,177.97235,10734
175.942575,172.42475,124.13135,22657
129.495575,125.9154,124.243775,18872
158.426625,168.903125,151.220125,14656
72.4517,78.961025,79.422325,14448
128.996975,132.10655,116.1552,20643
122.71135,137.41765,126.968125,25061
153.6087,127.791125,146.40115,21303
172.445225,173.40545,159.045075,19553
159.33755,163.241775,156.819425,17208
107.195525,107.5305,94.98815,17736
165.110575,157.715675,133.50105,12467
159.658225,172.1141,154.327675,22026
199.567375,197.656825,187.998975,10854
184.0734,176.198575,168.68975,10840
211.5908,205.44125,199.9088,8631
160.2657,102.88495,83.14065,7139
204.06645,178.1524,153.324775,21462
176.835225,169.1995,129.30085,12995
179.742325,142.40875,122.971125,25128
151.0946,132.1766,109.65815,18242
138.425675,137.9496,124.83195,20126
148.36815,134.449975,119.388675,22243
191.4388,179.545825,175.25235,22257
178.441025,159.3305,130.55855,26467
158.65985,157.063125,155.0853,22150
176.663175,166.8942,135.30855,12719
200.98205,161.263775,97.136125,12982
191.98485,167.289875,140.3386,17662
190.029975,177.528325,147.820125,16837
131.733525,104.762675,80.387425,22869
169.643125,156.40795,131.94895,24087
198.834225,169.26645,149.42655,15228
152.034175,143.095425,132.32095,20768
171.3248,129.101525,77.376375,28701
154.97515,151.9996,142.48755,19669
127.788775,85.33955,66.648575,16942
153.240825,154.322425,138.7298,18317
184.181875,154.7955,132.717725,25550
151.334575,136.257025,112.296875,25866
104.217825,95.550475,101.115625,22469
164.570875,163.6213,147.307875,17494
141.167075,157.18355,159.59575,23766
175.42465,187.6996,195.31665,12946
126.8427,121.928275,122.12455,16285
166.1916,167.56225,165.405525,16472
155.436025,142.84415,109.365325,17972
158.86395,141.04405,154.476075,19937
142.0359,146.198625,141.52355,24252
188.535525,200.583425,182.221975,20567
226.6891,187.3369,167.844225,27279
112.7284,111.167775,94.045075,16746
143.534525,149.016925,144.487625,14603
120.22285,103.887825,64.488725,30296
206.2686,179.44845,144.414925,4550
156.3284,141.712975,132.5547,20534
176.0609,164.5884,154.13325,21206
130.6468,139.251575,126.77285,20338
107.758,95.553,83.3363,15465
108.97325,123.086875,106.1138,34121
151.50805,131.89105,103.82555,14369
130.48625,119.295875,105.630075,19507
144.32615,149.4771,149.24515,20675
118.467,109.6745,106.764825,19109
166.6885,160.1854,150.71185,24038
140.8525,135.9149,123.419625,18717
229.5434,210.240275,204.238375,12924
169.9883,170.4011,169.470075,5061
146.380675,137.68945,113.9003,28506
170.853425,142.144925,95.680425,20431
135.477325,120.59845,105.153475,16816
144.133725,138.037925,135.293475,21104
162.5375,122.01705,56.8454,10611
180.620075,174.851225,145.71965,17888
131.654475,139.983,111.7899,24253
151.039275,151.173625,138.563775,25022
191.851475,187.43615,191.78645,15004
173.84155,153.93275,92.30235,30273
158.5925,151.05595,145.63615,18932
136.102825,122.25785,95.391225,19352
148.8994,152.991075,136.025775,20991
96.899225,89.561,93.10305,15479
180.56085,162.7591,135.81335,16545
130.983225,126.1438,107.55795,14658
150.208475,152.02815,141.88875,18057
151.6022,144.758475,118.83645,30721
168.542675,163.10995,147.12605,18495
139.94255,122.858725,92.602325,21835
189.667925,187.724775,174.959225,6245
153.835125,158.15905,155.752725,20445
200.0137,184.0297,136.75585,29708
171.46475,182.3901,190.793625,13570
164.78055,154.869725,153.289,14761
110.0787,120.008625,133.227525,23601
206.5052,198.360475,189.42935,6005
121.127625,111.88455,88.250775,21839
147.4985,137.279775,102.420075,14421
143.009275,124.9165,106.026925,20837
156.815875,150.174125,133.42355,24936
159.402575,156.549075,149.64445,19361
107.912075,102.02915,104.340125,19399
149.7941,137.919725,119.429125,18686
90.490625,81.8597,55.470675,27412
192.08795,192.08795,192.08795,256
153.222775,138.84945,103.3195,28928
165.1238,159.9703,150.825075,18267
175.1835,182.0804,165.3652,12995
149.842075,140.498825,124.539025,15014
123.877025,124.535525,102.6257,23610
147.470675,139.12435,120.5694,17894
135.709375,144.544275,137.822925,24059
126.41155,131.92605,127.5912,24149
150.762775,152.059575,159.442325,25708
99.642925,131.53255,145.73805,22154
155.839025,155.056275,152.753425,20280
188.942425,171.640925,147.305025,26180
153.044325,146.71145,131.750725,17649
158.4139,146.860125,134.34,20429
95.64955,121.57415,110.122525,19778
184.125475,158.512025,121.043725,14953
139.557125,140.9529,146.723725,23693
180.620075,174.851225,145.71965,17888
143.054825,134.382325,129.6533,29415
133.521925,125.9755,95.902875,18221
176.387025,156.44915,125.680825,7984
82.381075,91.301125,88.68805,24051
147.1133,147.238025,121.477975,22322
139.701275,145.310525,139.736325,27100
198.5787,194.5088,195.915425,9592
192.552125,179.546675,167.031325,14614
140.66355,127.20555,101.91485,24470
166.656925,122.22895,90.39235,33401
153.203775,101.857075,79.82535,11126
186.1863,179.722075,170.3806,23308
141.24405,120.82565,125.76555,24585
159.678025,171.271375,164.4475,18082
137.041975,127.7899,123.943675,20039
74.417075,63.795,56.819325,16989
98.40905,115.2983,119.3722,19591
130.0717,144.674425,139.270325,22938
159.907275,160.5874,102.346575,26494
167.383175,169.070525,163.96895,18836
135.579475,128.406975,131.19045,24720
204.39495,178.851075,168.5669,11387
156.591075,156.0213,121.058775,25389
205.853375,179.31835,140.74515,4566
185.4991,168.6687,134.52865,19343
180.620075,174.851225,145.71965,17888
143.023525,133.855925,122.87275,10329
109.66765,118.316575,105.644225,18674
140.666475,144.28545,150.306225,24246
108.64865,107.381575,98.878525,16614
134.077625,122.2592,99.157875,25432
170.969575,165.439375,167.5239,10522
131.712275,135.310475,120.724125,21189
91.344675,86.712525,74.575525,24632
186.1863,179.722075,170.3806,23308
182.689725,178.439075,161.994,25878
198.1893,182.882425,148.072975,18516
140.305875,133.33375,130.66295,30447
164.032,164.91775,142.535825,18106
196.9675,183.436475,171.11645,12230
206.8595,160.164575,159.808925,21185
125.224325,119.308975,124.20675,20099
192.29665,186.609825,182.210225,11272
130.16495,121.070975,99.3898,20040
123.94605,100.53635,66.7299,31741
145.1148,147.36115,132.847175,13018
155.400425,154.3366,131.978375,24632
206.800775,201.226625,181.162725,18192
215.096825,204.579475,189.775625,11798
182.475825,161.84545,104.848725,18699
186.307875,170.647625,129.282925,15796
178.327025,174.404925,155.557625,13671
163.536025,164.119325,159.92105,18601
181.35455,173.744375,141.852175,26586
147.5769,158.70235,147.35055,20267
138.7181,129.70905,115.5774,20665
129.5987,120.73965,131.70355,20633
151.697025,136.598075,113.427775,20744
162.2022,161.9252,150.157275,26435
145.6644,146.434725,102.447525,27332
124.357425,138.650675,136.412925,20264
160.909375,161.677375,144.382425,29694
119.2733,103.264075,59.79085,21086
150.97125,167.77075,182.978775,20246
112.063525,101.035525,87.817475,25093
201.6659,169.63195,132.750425,12206
180.156825,175.660725,160.84315,24921
140.9549,138.80835,109.923875,20387
128.01255,132.49805,120.141975,20605
163.300175,174.00405,148.728225,15722
167.76,167.759325,144.639375,19580
128.347475,146.3338,158.59725,25109
175.092,129.282375,90.26775,13863
129.173125,116.330775,79.364825,24298
184.122075,153.81895,120.121225,17536
161.016775,123.622625,75.6688,18035
188.775475,172.7687,161.28555,20891
181.1565,185.63365,181.813925,19095
135.104675,124.980525,104.84165,23884
189.12695,174.91725,172.48315,15958
190.0511,173.876375,141.735175,16094
172.0464,156.97725,136.249525,14989
198.308225,187.907075,162.526925,12848
156.20335,150.50165,144.028425,15682
145.960925,154.41195,141.781775,22691
128.403675,122.3616,107.444475,18887
157.334675,143.187725,122.8963,13902
84.491875,84.491875,84.491875,256
194.94305,185.386175,136.1011,28048
180.620075,174.851225,145.71965,17888
165.59035,159.201175,147.57365,22937
164.465025,164.8929,145.7986,23356
146.04915,135.7151,110.418025,23302
139.686725,151.20815,155.067125,22380
171.455075,165.5623,156.819075,18363
150.221225,138.385725,115.585825,26080
182.689725,178.439075,161.994,25878
190.84755,192.445025,194.894525,15112
141.6609,127.017025,110.99775,20876
139.593325,124.7647,107.4035,16799
99.918175,85.391,90.553025,25954
147.8218,124.216,83.677575,31835
145.659525,146.490625,151.31425,24036
183.27405,176.214,172.215425,18325
150.41955,151.492375,129.6883,17559
131.0721,123.5522,115.0653,17932
179.56825,179.22235,172.262725,7529
169.874925,162.7361,149.47045,17525
97.293325,100.694175,96.5205,17009
183.442225,174.043,164.42535,22856
166.996475,161.23895,116.8173,20205
164.820775,150.79545,122.362525,26587
167.609625,175.780425,181.7461,13341
208.4784,192.2905,176.89825,14690
138.784075,142.049175,144.687425,18754
166.772325,168.533875,162.018225,20030
89.13995,90.562525,102.6913,18340
175.67315,169.918675,156.82365,18060
181.533125,184.626175,178.1511,10139
150.952975,151.73335,139.30925,29781
158.5083,156.663575,136.3382,21667
120.56425,133.139125,133.17185,18943
172.4395,151.098425,127.84175,27751
137.306025,136.8453,133.732875,18501
190.223,176.140425,164.903675,22469
138.100525,122.55075,101.602425,21372
172.4002,162.315275,140.27005,21232
109.2362,101.25825,111.7946,22386
168.51815,169.0385,151.83605,20017
152.53235,125.020225,81.2778,26139
138.315025,161.0832,170.828875,21443
81.735675,68.97075,54.59445,21366
165.1637,169.03945,164.690375,21182
151.12485,139.431825,127.960175,20802
177.524275,159.622725,107.290425,27264
151.827075,150.62755,151.24935,19635
183.90975,163.998125,139.23735,17355
128.7864,126.8358,117.706925,16546
171.4346,153.742725,148.90375,21254
143.90795,132.22695,131.317475,17881
111.987175,114.490575,109.880025,20565
138.2018,135.319625,116.582625,15422
114.8619,110.0796,98.881825,16280
105.747975,99.7214,97.1308,7638
197.193925,163.334175,93.356275,24013
107.24585,104.6235,105.872275,19839
140.427525,152.335325,124.75065,26714
152.113325,150.5155,133.164075,16902
174.5481,181.430175,190.1021,12094
135.40605,136.4838,128.065675,17938
168.653375,164.639975,160.9227,22584
178.340775,173.793825,160.96955,9751
166.49515,152.76015,146.394,16281
108.38105,101.6769,92.14875,21189
129.48595,122.657325,113.6779,15557
91.6087,91.04895,82.5455,19277
236.00245,235.225225,230.8409,1711
149.062025,161.28945,167.517875,18494
114.069225,128.6973,129.239725,20926
134.124025,134.429875,112.04555,19615
145.45685,146.37165,140.00105,18295
155.7313,157.22585,142.51395,21907
166.31715,172.743875,151.444375,21912
149.0458,154.2142,135.61335,23311
146.288225,150.631675,140.86855,25136
208.60775,186.39645,135.929725,11089
161.216375,140.982025,113.0398,22309
151.386325,144.9505,122.865625,21077
120.5612,112.6744,92.694425,15101
152.08375,157.07105,130.875775,20429
165.56335,143.244675,133.526825,23818
133.380275,129.14255,117.332475,17836
139.735575,139.687075,135.605825,22904
92.5829,102.608625,102.12795,15999
157.65965,142.730375,89.663675,18447
191.60265,194.699875,201.788325,14385
117.26455,136.058425,132.42895,22770
159.54515,145.12365,131.5866,16294
218.512475,213.040625,196.216425,10921
118.37345,137.37805,141.287425,26356
183.81575,115.609575,59.021025,14760
185.613925,183.879175,159.028775,22194
175.91285,168.39825,158.578775,20523
159.57375,118.674975,51.934975,24479
163.624775,162.484425,159.882275,17077
106.43965,107.616475,100.01705,20334
203.766025,192.4317,176.287225,6626
203.760725,182.8071,158.69335,17453
196.515875,194.03205,193.6602,10452
137.4958,135.0325,114.573225,18642
221.2201,219.5421,214.524675,10944
154.880075,117.26905,87.54055,26845
187.5388,187.525575,180.85895,21327
223.695675,219.05955,210.768225,10247
132.662025,124.447825,105.554125,18586
170.52795,184.69525,191.820675,12395
130.171575,129.744325,128.397075,26577
137.40435,126.276675,114.759475,18424
134.29435,119.901925,107.181175,23042
181.801375,177.895925,182.48205,9200
194.704925,200.29515,199.116625,9577
203.322425,173.27945,159.296425,24667
157.8672,137.9242,72.531475,24781
148.974925,144.99805,151.307325,20154
123.139175,106.370825,97.908675,15972
172.79765,182.751725,190.8181,13193
161.73595,156.60125,140.128375,19543
162.519575,156.1356,132.94495,24864
89.972875,120.842325,127.1214,24415
142.048275,134.67115,123.62885,15260
125.194675,125.0453,120.266675,14881
184.805225,186.960025,179.2665,17218
146.07595,129.578225,131.786075,23792
152.769175,156.572125,150.010475,16468
149.266575,173.0258,180.9754,22114
173.5033,167.84265,148.47885,16587
196.654325,195.054175,147.8122,19285
153.168725,152.709325,149.3169,13762
143.108525,139.569775,125.943925,21017
150.42075,139.910875,111.89945,19630
103.205775,101.740325,116.29185,28326
182.528525,168.876225,156.7408,22230
196.5597,166.2627,123.9458,24815
81.3879,76.241525,66.305675,18567
167.538825,167.910975,156.974825,18933
149.32635,134.129425,113.517925,29794
166.759525,114.1053,83.448,33471
160.151625,157.711625,144.1367,22102
158.4065,160.975325,141.012125,21750
179.6882,179.21665,174.04005,16706
139.822225,146.6475,142.727575,19131
163.2602,147.533525,116.9782,18667
127.01945,128.670175,96.427725,21416
144.63625,152.14535,145.599925,19981
165.432975,176.420725,180.3425,13703
159.188125,149.796725,133.54545,23494
125.551775,123.0747,126.09255,15581
148.007375,146.925375,148.4787,16608
142.331425,134.387225,137.09595,17093
149.766575,102.6639,64.823975,19187
184.57525,183.40305,174.198375,15683
157.24695,156.23015,146.055975,5678
161.516575,169.005025,151.108325,21147
132.223075,143.719925,138.17585,20776
173.600275,152.912275,105.78455,24551
124.575525,125.47415,118.833875,23092
211.548075,190.4009,150.9902,11596
204.3288,188.75815,149.824625,11083
141.91795,157.12295,168.846675,21431
198.5875,193.00165,170.09855,10503
155.452775,142.18175,109.8801,16120
119.6106,119.431125,106.263325,19461
145.1032,147.7858,134.459825,21661
186.11105,172.64855,148.5078,18969
139.56,124.5003,106.7782,23630
63.61105,71.62095,73.421,14731
169.238275,159.384875,140.85925,14744
73.14925,88.37815,108.2852,10945
127.2151,121.7955,128.371425,28293
173.539675,183.58475,185.5843,12952
125.90005,134.849075,111.0065,23989
140.407475,130.614075,138.094175,18214
163.0877,127.6223,78.17165,28243
149.687,147.435075,137.4077,21633
144.06275,133.5058,95.921325,21477
125.32535,97.666675,63.92695,26811
169.8994,173.5814,174.5496,22393
123.83175,113.55105,96.814025,23224
170.336325,167.691025,169.0511,7651
190.672125,194.924475,179.387825,18790
120.368775,112.01685,117.7175,12809
201.143525,182.156525,153.5542,10051
187.28605,186.192275,189.461225,7356
167.061975,174.204375,157.942,15622
